166
PORTO DE ITAJAÍ (ESTADO DE SANTA CATARINA) - 2026
Latitude 26° 54'.3 S Longitude 48° 39'.2 W Fuso UTC -03.0 horas
CHM 78 Componentes Nível Médio 0.6 m Carta 1841
Janeiro Fevereiro Março Abril
HORA ALT(m) HORA ALT(m) HORA ALT(m) HORA ALT(m) HORA ALT(m) HORA ALT(m) HORA ALT(m) HORA ALT(m)
01 0044 1.08 17 0127 1.06 01 0214 1.19 17 0234 1.19 01 0127 1.19 17 0136 1.19 01 0157 1.13 17 0206 1.12
QUI 0808 0.35 SÁB 0906 0.46 DOM0910 0.44 TER 0901 0.40 DOM0804 0.44 TER 0827 0.33 QUA 0625 0.25 SEX 0802 0.25
1227 0.83 1359 0.94 1344 1.00 1453 1.12 1242 0.98 1351 1.13 1340 1.17 0846 0.25
2002 0.10 2002 0.04 2108 -0.04 2055 -0.02 2004 0.00 1955 -0.01 2044 0.21 1429 1.23
2134 0.19
02 0129 1.13 18 0210 1.11 02 0251 1.19 18 0304 1.21 02 0157 1.21 18 0206 1.21 02 0221 1.10 18 0242 1.06
0659 0.15 0712 0.23
SEX 0902 0.36 DOM0802 0.48 SEG 0759 0.50 QUA 0751 0.35 SEG 0817 0.42 QUA 0842 0.31 QUI 1417 1.19 SÁB 0942 0.27
1308 0.88 0946 0.46 0932 0.46 1521 1.15 1321 1.08 1421 1.19 1906 0.23 1506 1.23
2055 0.38
2053 0.02 1432 0.98 1421 1.08 2142 0.03 2046 0.01 2042 0.01 2223 0.33
2036 0.00 2155 -0.01
03 0216 1.15 19 0253 1.13 03 0319 1.17 19 0342 1.17 03 0221 1.19 19 0240 1.19 03 0257 1.06 19 0310 0.98
0727 0.10 0742 0.21
SÁB 0949 0.42 SEG 0734 0.44 TER 0734 0.38 QUI 0806 0.33 TER 0701 0.35 QUI 0727 0.29 SEX 1459 1.19 DOM1551 1.17
1357 0.92 0955 0.48 1504 1.12 1559 1.17 1402 1.17 1457 1.23 1925 0.23 2002 0.46
2157 0.54
2134 -0.02 1510 1.00 2223 0.10 2238 0.12 2110 0.08 2136 0.08 2332 0.48
2117 0.01
04 0302 1.15 20 0325 1.15 04 0401 1.12 20 0412 1.11 04 0259 1.17 20 0308 1.15 04 0 0 3 8 2 0 5 4 0 0 . . 9 1 8 0 20 0 0 3 8 5 0 1 2 0 0 . . 9 2 0 3
DOM 1 0 0 8 2 02 1 0 0 . . 6 4 0 8 TER 0 1 7 5 5 5 7 1 0 1 . . 4 0 2 2 QUA 1 0 5 8 4 04 9 0 1 . . 2 1 9 5 SEX 0 1 8 6 3 2 1 7 0 1 . . 3 1 3 3 QUA 1 0 4 7 4 14 7 0 1 . . 2 2 3 1 SEX 0 1 7 5 4 2 6 9 0 1 . . 2 2 7 3 SÁB 1 1 5 9 3 5 2 5 1 0 . . 1 2 5 5 SEG 1 1 1 0 1 6 0 1 3 8 9 2 0 0 1 . . . 3 3 0 3 1 8
1440 0.96 2157 0.04 2027 0.21 2319 0.27 2102 0.19 2225 0.21 2025 0.58
2251 0.71
2214 -0.01 2259 0.23 2146 0.19
05 0 0 3 7 4 4 4 7 1 0 . . 1 5 1 2 21 0 0 4 8 0 1 4 9 1 0 . . 1 4 2 0 05 0434 1.06 21 0451 1.04 05 0327 1.10 21 0346 1.08 05 0 0 3 8 5 4 9 0 0 0 . . 9 1 2 5 21 0 0 1 4 4 2 2 7 0 0 . . 6 8 0 1
SEG 0 1 1 2 9 1 5 3 1 0 2 0 9 1 3 2 0 0 0 0 . . . . 6 5 9 0 0 8 8 6 QUA 1 2 6 2 1 5 7 1 1 0 . . 0 1 2 1 QUI 1 2 0 6 0 8 1 5 4 9 5 4 1 0 0 . . . 1 2 2 1 3 5 SÁB 0 1 2 9 7 3 0 0 0 1 4 2 0 1 0 . . . 3 1 4 5 0 4 QUI 1 2 0 5 0 7 1 0 5 9 1 3 1 0 0 . . . 2 1 1 1 9 7 SÁB 0 1 2 8 6 2 0 0 0 4 4 4 0 1 0 . . . 2 1 4 5 9 0 DOM1 2 6 0 0 1 4 7 1 0 . . 1 3 0 1 TER 0 1 1 1 2 8 1 2 7 0 3 0 1 1 4 4 1 7 9 9 0 0 0 0 0 . . . . . 2 4 3 9 6 7 0 5 6 5
2310 0.38 2340 0.86
06 0421 1.06 22 0444 1.08 06 0504 0.98 22 0029 0.42 06 0401 1.04 22 0414 0.98 06 0 0 2 4 0 2 1 7 0 0 . . 7 8 3 5 22 0 0 3 5 0 0 2 8 0 0 . . 6 7 1 3
TER 0 1 8 6 1 0 2 4 0 1 . . 4 0 4 2 QUI 0 1 8 6 5 5 5 9 0 1 . . 4 0 2 2 SEX 0 1 9 7 1 0 2 1 0 1 . . 2 0 5 8 DOM0 0 5 9 1 2 7 5 0 0 . . 9 3 4 8 SEX 0 1 8 5 1 5 7 7 0 1 . . 1 1 5 7 DOM0 1 8 6 3 4 2 7 0 1 . . 2 1 7 1 SEG 0 1 2 9 6 0 1 4 4 2 4 9 0 1 0 . . . 2 0 4 3 2 0 QUA 0 1 1 8 1 3 5 2 4 7 9 9 0 0 0 . . . 3 4 3 5 4 6
2159 0.25 2346 0.21 2114 0.29 1753 1.02 2017 0.23 2059 0.48 1816 0.86
2108 0.73
2346 0.19 2202 0.56 2304 0.58
07 0502 1.02 23 0512 1.02 07 0 0 5 9 4 5 0 3 0 0 . . 9 2 0 9 23 0 0 0 2 0 2 1 5 0 0 . . 6 5 2 6 07 0 0 4 8 3 5 2 7 0 0 . . 9 1 6 7 23 0 0 1 4 0 5 6 5 0 0 . . 5 8 4 8 07 0 0 0 3 5 0 1 6 0 0 . . 8 7 3 3 23 0 0 0 4 1 0 9 6 0 0 . . 9 6 8 1
QUA 1 2 0 6 1 8 5 1 59 3 4 0 1 0 . . . 3 0 2 8 0 9 SEX 0 1 9 7 2 3 1 8 0 1 . . 4 0 4 0 SÁB 1 2 7 1 4 4 2 9 1 0 . . 0 3 0 8 SEG 0 0 1 1 1 5 9 3 4 8 5 4 1 3 4 9 6 2 1 6 0 0 0 0 0 . . . . . 8 4 6 6 9 3 2 1 0 0 SÁB 1 2 6 0 2 4 9 9 1 0 . . 1 2 0 9 SEG 0 1 2 2 8 7 1 3 5 3 1 5 5 1 0 9 0 1 0 0 . . . . 3 0 6 7 1 0 1 7 TER 0 0 1 2 4 9 7 1 5 4 2 1 7 9 1 0 0 0 0 0 . . . . 7 3 9 5 7 5 6 0 QUI 0 0 1 1 2 6 9 2 4 0 1 4 0 5 5 0 2 8 7 9 0 0 0 0 0 . . . . . 6 4 5 3 7 9 2 0 6 9
2306 0.35 2204 0.71
08 0012 0.33 24 0049 0.31 08 0155 0.71 24 0038 0.79 08 0157 0.69 24 0301 0.61 08 0106 0.88 24 0104 1.00
0542 0.94 0553 0.96 0331 0.67 0401 0.60 0502 0.90 0532 0.77 0416 0.71 0502 0.58
QUI 0 1 9 4 3 4 6 7 0 0 . . 3 7 6 9 SÁB 0 1 9 8 5 1 7 4 0 0 . . 5 9 0 6 DOM0 1 6 0 1 1 0 6 0 0 . . 8 3 3 8 TER 0 1 6 0 4 0 9 4 0 0 . . 7 4 5 8 DOM0 1 9 7 2 0 5 4 0 1 . . 2 0 5 4 TER 0 1 9 2 1 2 7 1 0 0 . . 3 5 5 4 QUA 0 1 5 3 2 1 3 0 0 0 . . 7 4 1 4 SEX 0 1 7 0 2 4 1 4 0 0 . . 7 5 1 2
1 2 7 1 3 5 6 1 0 0 . . 9 3 8 3 1 2 8 2 1 1 6 6 0 0 . . 9 4 2 6 1 1 2 3 6 0 1 0 0 6 1 8 0 0 0 . . . 6 5 8 5 4 3 2110 0.36 1 1 2 4 8 1 0 2 1 4 5 4 0 0 0 . . . 5 8 7 0 8 3 1 2 8 1 0 4 4 4 0 0 . . 8 6 8 0 1 1 2 6 4 0 9 4 0 0 . . 5 3 6 3
2129 0.81
09 0102 0.46 25 0157 0.42 09 0204 0.79 25 0116 0.92 09 0119 0.79 25 0034 0.92 09 0129 0.90 25 0146 0.98
0614 0.88 0632 0.86 0429 0.69 0516 0.58 0314 0.73 0408 0.61 0521 0.65 0546 0.56
SEX 1008 0.40 DOM1014 0.54 SEG 0657 0.77 QUA 0757 0.69 SEG 0532 0.81 QUA 0625 0.69 QUI 0657 0.67 SÁB 0834 0.77
1812 0.94 1310 0.67 1051 0.48 1032 0.54 0959 0.35 0942 0.44 1446 0.42 1706 0.31
2221 0.40 1523 0.63 1906 0.85 1338 0.67 1747 0.94 1255 0.58 1904 0.83 2340 0.94
1908 0.90 2251 0.58 1702 0.42 2142 0.48 1527 0.46 2202 0.71
10 0 0 1 3 3 4 2 4 0 0 . . 6 5 0 6 26 0 0 3 7 4 1 0 9 0 0 . . 5 7 0 9 10 0 0 2 5 2 4 7 9 0 0 . . 8 6 5 7 26 0 0 1 6 3 2 4 1 1 0 . . 0 5 0 2 10 0 0 1 4 4 1 2 9 0 0 . . 8 7 6 1 26 0 0 1 5 1 2 4 1 1 0 . . 0 5 2 8 10 0144 0.92 26 0608 0.54
SÁB 0 1 1 1 2 7 0 5 9 3 0 5 5 0 0 1 3 9 2 1 0 0 0 0 0 . . . . . 8 4 7 9 4 1 6 5 0 8 SEG 1 1 1 2 0 3 6 0 3 2 3 3 4 9 1 2 0 0 0 0 . . . . 5 6 5 8 8 9 6 6 TER 0 1 1 1 2 7 1 3 6 0 5 1 2 2 1 5 6 1 1 7 0 0 0 0 0 . . . . . 7 6 6 5 8 1 0 1 4 1 QUI 0 1 1 1 9 1 3 7 1 1 3 5 0 7 6 9 0 0 0 0 . . . . 6 6 6 2 9 2 9 9 TER 0 1 1 2 6 0 8 2 0 1 3 0 4 4 1 4 0 0 0 0 . . . . 7 4 8 5 5 6 6 8 QUI 0 1 1 1 7 0 3 6 4 1 0 3 2 7 6 6 0 0 0 0 . . . . 6 5 6 3 7 2 2 8 SEX 0 0 1 5 9 5 4 3 4 2 4 7 0 0 0 . . . 6 6 3 0 9 6 DOM0 1 2 9 8 3 4 0 5 0 1 3 0 0 0 . . . 8 2 9 5 9 8
2314 0.69
11 0 0 2 4 1 4 9 6 0 0 . . 6 6 7 0 27 0 0 5 8 0 2 1 7 0 0 . . 5 7 2 1 11 0 0 2 6 5 3 3 8 0 0 . . 8 6 6 1 27 0 0 1 7 0 0 1 6 1 0 . . 0 4 8 8 11 0 0 2 7 0 0 1 2 0 0 . . 9 6 2 9 27 0 0 1 6 4 0 6 6 1 0 . . 0 5 4 4 11 0131 0.90 27 0627 0.50
DOM0 1 1 1 1 7 1 5 6 9 4 3 2 4 5 9 6 5 0 9 0 0 0 0 0 . . . . . 7 5 6 6 8 7 4 7 7 5 TER 1 1 1 1 3 7 0 4 1 4 7 7 0 0 0 . . . 6 6 4 1 9 6 QUA 0 1 1 2 9 2 7 2 5 4 0 0 1 4 4 8 0 0 0 0 . . . . 6 6 4 8 9 9 2 3 SEX 1 1 1 0 2 8 4 1 4 4 2 7 0 0 0 . . . 7 7 1 5 3 5 QUA 1 1 1 1 2 0 2 5 9 2 4 0 3 4 3 6 8 8 2 8 0 0 0 0 0 . . . . . 5 6 5 8 6 8 0 0 1 9 SEX 0 1 1 1 9 1 3 7 0 1 0 3 1 7 8 1 0 0 0 0 . . . . 7 6 6 2 1 3 7 7 SÁB 1 1 0 0 6 6 5 3 0 5 4 2 0 0 0 . . . 7 2 5 9 9 2 SEG 1 1 0 8 3 4 8 7 0 0 . . 9 2 4 7
2340 0.58
12 0253 0.73 28 0008 0.92 12 0002 0.81 28 0106 1.13 12 0210 0.92 28 0023 1.06 12 0029 0.94 28 0016 1.00
0553 0.60 0612 0.48 0251 0.85 0742 0.46
SEG 0853 0.73 QUA 0957 0.69 QUI 0712 0.56 SÁB 1146 0.86 QUI 0614 0.61 SÁB 0642 0.50 DOM0621 0.46 TER 0621 0.44
1401 0.61 1159 0.65 1225 0.77 1927 0.05 1101 0.69 1012 0.81 1132 0.88 1134 1.00
1701 0.56 1347 0.69 1749 0.31
2106 0.83 1812 0.33 2359 0.92 1631 0.40 1825 0.19 1716 0.21 1919 0.27
2247 0.81
13 0036 0.67 29 0040 1.02 13 0744 0.50 13 0204 0.90 29 0034 1.10 13 0010 1.02 29 0053 1.02
0308 0.75 0716 0.44
TER 0644 0.58 QUI 1106 0.75 SEX 1238 0.86 SEX 0640 0.54 DOM0704 0.48 SEG 0651 0.38 QUA 0551 0.33
1042 0.75 1902 0.17 1829 0.19 1217 0.79 1112 0.92 1214 0.98 1229 1.06
1732 0.44
2227 0.86 1712 0.29 1904 0.12 1806 0.13 1955 0.31
14 0304 0.73 30 0114 1.10 14 0038 1.02 14 0046 0.94 30 0057 1.12 14 0034 1.10 30 0123 1.02
QUA 0725 0.54 SEX 0804 0.42 SÁB 0806 0.46 SÁB 0704 0.48 SEG 0717 0.44 TER 0716 0.33 QUI 0610 0.21
1149 0.79 1206 0.81 1310 0.94 1227 0.88 1212 1.02 1247 1.08 1310 1.10
1810 0.31 1951 0.05 1908 0.08 1757 0.19 1944 0.11 1851 0.07 1817 0.33
2351 0.92
15 0802 0.52 31 0142 1.17 15 0119 1.10 15 0029 1.04 31 0125 1.13 15 0106 1.13
QUI 1240 0.85 SÁB 0844 0.42 DOM0844 0.42 DOM0734 0.42 TER 0631 0.38 QUA 0742 0.29
1851 0.19 1301 0.92 1344 1.02 1251 0.98 1259 1.11 1314 1.15
2031 -0.02 1940 0.01 1836 0.09 2010 0.15 1942 0.06
16 0042 1.00 16 0159 1.17 16 0102 1.12 16 0140 1.15
SEX 0838 0.48 SEG 0902 0.40 SEG 0759 0.36 QUI 0812 0.27
1317 0.90 1414 1.08 1316 1.06 1355 1.21
1927 0.10 2021 -0.02 1919 0.02 2040 0.09
DG6-63 Original
==================================================
167
PORTO DE ITAJAÍ (ESTADO DE SANTA CATARINA) - 2026
Latitude 26° 54'.3 S Longitude 48° 39'.2 W Fuso UTC -03.0 horas
CHM 78 Componentes Nível Médio 0.6 m Carta 1841
Maio Junho Julho Agosto
HORA ALT(m) HORA ALT(m) HORA ALT(m) HORA ALT(m) HORA ALT(m) HORA ALT(m) HORA ALT(m) HORA ALT(m)
01 0157 1.02 17 0206 0.96 01 0231 0.88 17 0308 0.85 01 0301 0.85 17 0346 0.96 01 0401 0.96 17 0438 0.98
0642 0.13 0757 0.21
SEX 1357 1.11 DOM0940 0.15 SEG 0819 0.06 QUA 1106 0.01 QUA 0912 0.00 SEX 1123 0.05 SÁB 1027 0.03 SEG 0855 0.19
1838 0.31 1459 1.17 1502 1.04 1621 1.04 1531 1.02 1649 1.00 1623 1.02 1716 0.85
2002 0.52
2232 0.40 1919 0.40 2008 0.56 1957 0.38 2044 0.31 2044 0.27 2127 0.17
2208 0.67
02 0 0 2 7 2 1 1 6 0 0 . . 9 0 8 9 18 0 0 2 7 4 1 7 7 0 0 . . 8 2 8 1 02 0 0 3 9 0 1 6 6 0 0 . . 8 0 3 8 18 0 0 0 3 4 5 2 9 0 0 . . 6 8 0 5 02 0 0 3 9 4 5 6 1 0 0 . . 8 0 5 3 18 0 0 4 9 2 0 3 1 0 0 . . 9 2 4 1 02 0432 0.94 18 0514 0.90
SÁB 1 1 4 9 3 0 8 2 1 0 . . 1 3 1 1 SEG 0 1 1 1 2 8 0 5 9 1 4 2 4 5 1 9 7 2 1 2 0 0 1 0 0 . . . . . 2 1 1 5 6 3 5 1 8 3 TER 1 1 5 9 4 5 2 5 1 0 . . 0 4 2 0 QUI 1 1 2 2 2 7 0 3 0 0 5 2 2 6 5 3 0 0 0 0 . . . . 0 9 5 7 7 8 2 3 QUI 1 2 6 0 0 2 8 1 1 0 . . 0 3 2 8 SÁB 1 1 1 2 0 2 7 1 1 0 1 1 7 8 6 2 0 0 0 0 . . . . 2 2 9 2 5 1 4 7 DOM 1 2 1 6 1 1 5 0 10 7 6 0 0 0 . . . 1 9 3 1 8 1 TER 0 1 1 9 5 7 2 0 5 1 2 3 0 0 0 . . . 2 5 7 7 8 7
2353 0.52 2159 0.25
03 0 0 2 8 5 0 7 1 0 0 . . 9 1 2 0 19 0 0 3 7 2 5 5 7 0 0 . . 8 2 3 3 03 0 0 0 3 4 5 6 1 0 0 . . 6 7 7 9 19 0 0 2 4 0 5 2 1 0 0 . . 6 8 5 3 03 0416 0.83 19 0506 0.92 03 0 1 5 2 0 0 8 4 0 0 . . 9 2 0 1 19 0 0 6 9 0 5 1 7 0 0 . . 8 3 1 5
DOM1 1 5 9 1 3 0 1 1 0 . . 1 3 0 3 TER 0 1 1 2 2 9 1 6 0 2 1 1 2 0 1 6 9 5 8 7 0 0 1 0 0 . . . . . 2 1 0 6 7 5 5 4 1 5 QUA 1 1 2 0 6 0 2 1 2 3 7 1 0 1 0 . . . 1 0 4 2 0 4 SEX 0 1 1 1 2 9 0 2 7 1 1 2 5 5 2 0 1 3 3 7 0 0 0 0 0 . . . . . 2 3 1 9 4 9 1 9 2 8 SEX 1 1 2 0 6 0 5 4 5 1 7 5 0 1 0 . . . 0 0 3 7 0 8 DOM0 1 1 9 3 7 2 0 5 3 2 7 0 0 0 . . . 2 3 8 7 5 5 SEG 1 2 7 1 2 4 3 0 0 0 . . 9 3 2 5 QUA 1 1 1 2 3 6 8 2 5 0 2 2 9 8 3 1 0 0 0 0 . . . . 7 6 6 3 1 2 9 5
2153 0.29
04 0 0 3 8 2 4 7 4 0 0 . . 8 1 6 5 20 0 0 1 4 2 0 5 6 0 0 . . 6 7 0 9 04 0 0 0 2 0 0 6 2 0 0 . . 7 6 1 7 20 0 0 0 3 3 0 6 6 0 0 . . 7 6 7 7 04 0 1 5 1 0 4 1 6 0 0 . . 8 1 1 3 20 0 0 3 5 0 5 4 7 0 0 . . 7 8 1 8 04 0555 0.86 20 0653 0.73
SEG 1 2 5 0 5 0 1 1 1 0 . . 0 3 6 6 QUA 0 1 1 1 2 8 0 2 7 0 3 0 1 1 5 1 2 4 4 3 0 0 0 0 0 . . . . . 2 3 1 9 6 7 1 9 6 5 QUI 0 1 1 2 4 1 6 0 2 1 5 5 5 9 9 7 0 0 0 0 . . . . 7 1 9 4 5 7 6 8 SÁB 0 0 1 1 1 5 9 1 3 8 4 5 3 4 3 6 9 6 6 1 0 0 0 0 0 . . . . . 8 3 3 2 8 3 5 8 9 3 SÁB 1 2 7 1 1 2 6 1 0 0 . . 9 4 6 2 SEG 1 1 1 2 0 4 8 2 0 4 3 2 1 7 1 1 0 0 0 0 . . . . 3 5 7 3 1 0 7 3 TER 1 1 2 3 7 1 0 5 5 4 9 9 0 0 0 . . . 3 8 4 3 3 2 QUI 1 1 1 0 4 9 2 2 0 9 1 4 0 0 0 . . . 4 7 6 6 9 2
2319 0.85 2204 0.48 2251 0.46
05 0004 0.73 21 0251 0.62 05 0025 0.73 21 0132 0.77 05 0242 0.62 21 0401 0.67 05 0117 0.56 21 0131 0.52
0142 0.71 0501 0.75 0302 0.65 0401 0.67 0551 0.81 0646 0.81 0240 0.56 0410 0.46
TER 0 0 4 9 0 4 1 4 0 0 . . 8 2 1 1 QUI 0 1 9 0 0 5 6 7 0 0 . . 3 3 3 8 SEX 0 1 5 2 1 1 7 4 0 0 . . 7 2 1 1 DOM0 1 6 0 3 4 6 2 0 0 . . 8 4 3 0 DOM1 1 2 7 4 5 2 3 0 0 . . 2 9 1 2 TER 1 1 0 4 4 2 0 1 0 0 . . 3 6 8 2 QUA 0 1 6 4 4 1 7 9 0 0 . . 8 4 1 4 SEX 0 1 8 1 0 0 2 2 0 0 . . 6 5 9 6
1627 1.00 1319 0.25 1736 0.92 1244 0.46 2157 0.48 1614 0.58 1842 0.75 1453 0.79
2027 0.44 1808 0.88 2125 0.54 1442 0.42 1906 0.71 2208 0.46 1846 0.56
2131 0.67 1912 0.77 2259 0.42 2102 0.60
2251 0.50 2301 0.58
06 0017 0.79 22 0012 0.90 06 0049 0.75 22 0206 0.75 06 0110 0.62 22 0246 0.62 06 0104 0.58 22 0038 0.60
0259 0.71 0347 0.62 0336 0.62 0447 0.63 0308 0.60 0438 0.60 0357 0.48 0457 0.33
QUA 0 1 4 1 3 2 2 7 0 0 . . 7 2 3 7 SEX 0 1 6 0 0 0 2 2 0 0 . . 7 4 5 0 SÁB 0 1 6 3 2 1 1 4 0 0 . . 7 2 1 5 SEG 0 1 7 1 2 1 3 6 0 0 . . 8 4 3 6 SEG 0 1 6 3 3 3 6 6 0 0 . . 7 2 9 7 QUA 0 1 7 1 3 1 8 2 0 0 . . 7 4 7 6 QUI 0 1 8 6 0 1 1 0 0 0 . . 7 4 7 8 SÁB 0 1 9 1 4 3 0 8 0 0 . . 7 6 1 7
1 2 7 1 0 0 6 1 0 0 . . 9 5 6 0 1 1 1 1 4 9 4 1 0 6 6 8 0 0 0 . . . 4 2 8 4 9 3 1 2 8 2 1 0 4 1 0 0 . . 8 6 8 0 1 1 2 3 6 0 4 2 0 7 1 4 0 0 0 . . . 5 5 7 4 0 3 1 2 8 2 2 1 9 7 0 0 . . 8 5 5 6 1 1 2 4 7 0 5 4 0 5 4 2 0 0 0 . . . 7 6 6 1 0 5 1 2 9 2 3 1 8 9 0 0 . . 6 5 5 2 1 1 5 9 0 1 2 4 0 0 . . 7 5 9 0
2208 0.69 2346 0.54 2344 0.52
07 0044 0.83 23 0104 0.90 07 0057 0.73 23 0227 0.67 07 0059 0.65 23 0204 0.56 07 0110 0.61 23 0029 0.69
0353 0.67 0438 0.61 0406 0.58 0506 0.58 0351 0.54 0457 0.50 0453 0.36 0525 0.21
QUI 0 1 5 2 1 4 4 0 0 0 . . 6 3 9 1 SÁB 0 1 7 1 0 0 4 2 0 0 . . 7 4 7 8 DOM0 1 7 4 2 0 9 6 0 0 . . 7 2 3 7 TER 0 1 8 2 1 0 6 6 0 0 . . 8 5 3 2 TER 0 1 7 4 2 2 9 9 0 0 . . 7 3 9 3 QUI 0 1 8 2 4 0 0 1 0 0 . . 7 5 5 6 SEX 1 1 1 7 4 4 4 6 0 0 . . 8 4 1 6 DOM1 1 1 9 3 3 1 8 0 0 . . 7 4 9 6
1 2 7 1 5 2 1 7 0 0 . . 9 6 0 0 1 1 2 2 5 0 3 2 1 8 9 7 0 0 0 . . . 5 3 7 0 5 9 1 2 9 2 0 2 4 7 0 0 . . 8 6 5 9 1 1 2 4 7 1 5 4 1 5 6 2 0 0 0 . . . 6 5 7 0 2 1 1 2 9 2 1 4 4 2 0 0 . . 7 6 9 1 1 1 2 5 8 1 1 5 4 6 1 7 0 0 0 . . . 7 5 6 3 6 3 2 2 1 2 0 5 4 5 0 0 . . 6 5 0 8
2302 0.71
08 0 0 1 4 0 3 2 1 0 0 . . 8 6 5 2 24 0 0 1 5 5 1 1 0 0 0 . . 8 5 5 8 08 0 0 0 4 5 4 1 2 0 0 . . 7 5 5 2 24 0 0 2 5 0 2 1 1 0 0 . . 5 5 8 2 08 0 0 1 4 0 3 1 4 0 0 . . 6 4 5 8 24 0 0 5 9 1 5 4 9 0 0 . . 3 7 6 5 08 0114 0.63 24 0031 0.79
SEX 0 1 1 2 6 3 8 2 5 5 3 0 5 7 8 1 0 0 0 0 . . . . 6 3 8 6 7 3 5 7 DOM0 1 1 2 8 3 6 1 0 0 3 4 4 4 8 0 0 0 0 0 . . . . 8 5 4 7 1 4 0 9 SEG 0 1 2 2 8 5 0 3 3 0 1 0 8 6 6 8 0 0 0 0 . . . . 7 2 8 7 9 9 1 5 QUA 0 1 1 1 2 9 3 5 8 2 1 0 2 4 5 6 6 9 6 7 0 0 0 0 0 . . . . . 8 5 6 5 7 3 6 3 2 3 QUA 0 1 2 2 8 5 0 3 4 5 2 0 2 7 3 1 0 0 0 0 . . . . 8 3 7 6 1 8 1 5 SEX 1 1 1 2 3 5 9 3 0 4 3 3 2 7 6 6 0 0 0 0 . . . . 6 7 5 7 5 3 2 1 SÁB 0 1 1 5 2 8 3 3 5 4 1 3 0 0 0 . . . 2 9 4 3 2 0 SEG 0 1 1 6 2 9 0 2 5 4 1 9 0 0 0 . . . 0 8 4 9 8 0
2359 0.63
09 0108 0.85 25 0204 0.75 09 0502 0.46 25 0532 0.40 09 0053 0.67 25 0551 0.23 09 0114 0.65 25 0055 0.88
0459 0.58 0544 0.56 0944 0.85 1019 0.83
SÁB 0842 0.71 SEG 0902 0.86 TER 1606 0.29 QUI 1412 0.60 QUI 0506 0.38 SÁB 1121 0.79 DOM0623 0.09 TER 0638 0.00
1455 0.33 1746 0.42 2255 0.81 1619 0.63 1004 0.85 2004 0.48 1306 1.00 1306 0.96
1955 0.83 2255 0.83 1932 0.52
2223 0.77 2353 0.77 1725 0.40 1942 0.33 2012 0.35
2223 0.69 2353 0.73
10 0057 0.85 26 0553 0.52 10 0536 0.38 26 0555 0.29 10 0553 0.27 26 0027 0.77 10 0712 -0.03 26 0121 0.96
DOM0516 0.50 TER 1001 0.90 QUA 1036 0.90 SEX 1134 0.86 SEX 1129 0.90 DOM0625 0.12 SEG 1338 1.08 QUA 0714 -0.06
0955 0.79 1840 0.42 1719 0.29 1657 0.60 1847 0.36 1225 0.86 2017 0.31 1346 1.02
1553 0.29 2342 0.86 2332 0.85 2010 0.50 2325 0.73 2025 0.44 2042 0.31
2355 0.88
11 0546 0.44 27 0536 0.42 11 0606 0.29 27 0034 0.83 11 0640 0.17 27 0104 0.85 11 0040 0.83 27 0157 1.02
SEG 1042 0.86 QUA 1057 0.94 QUI 1132 0.98 SÁB 0631 0.17 SÁB 1229 0.98 SEG 0701 0.02 TER 0801 -0.11 QUI 0738 -0.09
1640 0.25 1916 0.42 1840 0.29 1234 0.90 1949 0.33 1317 0.94 1406 1.10 1416 1.06
2342 0.94 2042 0.48 2055 0.42 2053 0.31 1921 0.27
12 0606 0.38 28 0014 0.90 12 0002 0.86 28 0110 0.85 12 0008 0.77 28 0140 0.90 12 0116 0.94 28 0227 1.06
TER 1123 0.96 QUI 0538 0.31 SEX 0653 0.21 DOM0710 0.08 DOM0727 0.05 TER 0732 -0.03 QUA 0849 -0.15 SEX 0817 -0.09
1732 0.19 1157 0.96 1223 1.04 1323 0.96 1323 1.04 1402 1.00 1438 1.11 1455 1.08
1959 0.44 1947 0.27 1821 0.50 2038 0.31 2104 0.40 2108 0.33 1940 0.23
2106 0.48
13 0004 1.00 29 0055 0.92 13 0032 0.88 29 0149 0.86 13 0053 0.81 29 0210 0.94 13 0201 1.02 29 0301 1.08
QUA 0636 0.31 SEX 0612 0.21 SÁB 0744 0.15 SEG 0744 0.02 SEG 0816 -0.04 QUA 0812 -0.06 QUI 0929 -0.10 SÁB 0842 -0.04
1206 1.04 1253 1.00 1312 1.08 1412 1.00 1412 1.08 1444 1.04 1506 1.10 1523 1.06
1838 0.17 1904 0.48 2044 0.27 1859 0.44 2119 0.31 1927 0.35 1927 0.31 2001 0.19
2014 0.46
14 0034 1.02 30 0129 0.92 14 0106 0.88 30 0219 0.86 14 0131 0.86 30 0251 0.96 14 0244 1.06 30 0334 1.08
QUI 0710 0.25 SÁB 0647 0.12 DOM0834 0.07 TER 0827 -0.01 TER 0906 -0.10 QUI 0838 -0.06 SEX 1008 -0.02 DOM0931 0.03
1249 1.10 1338 1.02 1404 1.10 1457 1.02 1455 1.10 1514 1.06 1546 1.06 1559 1.02
1942 0.17 1812 0.42 2138 0.33 1923 0.40 2201 0.36 1955 0.31 1957 0.21 2017 0.19
15 0104 1.02 31 0201 0.90 15 0149 0.86 15 0210 0.90 31 0325 0.96 15 0319 1.06 31 0404 1.04
0804 0.12 1002 0.17
SEX 0753 0.21 DOM0729 0.08 SEG 0923 0.02 QUA 1001 -0.10 SEX 0925 -0.03 SÁB 0917 0.15 SEG 1047 0.15
1325 1.15 1421 1.04 1457 1.11 1527 1.10 1553 1.04 1057 0.12 1627 0.96
1614 1.00 2051 0.21
2042 0.21 1853 0.40 2225 0.40 2051 0.50 2014 0.27 2019 0.13
2217 0.44
16 0140 1.00 16 0223 0.85 16 0259 0.94 16 0401 1.04
SÁB 0847 0.17 TER 1014 -0.01 QUI 1049 -0.04 DOM0823 0.15
1408 1.17 1538 1.08 1606 1.06 1653 0.92
2138 0.29 2059 0.62 2004 0.40 2059 0.11
2325 0.50
DG6-63 Original
==================================================
168
PORTO DE ITAJAÍ (ESTADO DE SANTA CATARINA) - 2026
Latitude 26° 54'.3 S Longitude 48° 39'.2 W Fuso UTC -03.0 horas
CHM 78 Componentes Nível Médio 0.6 m Carta 1841
Setembro Outubro Novembro Dezembro
HORA ALT(m) HORA ALT(m) HORA ALT(m) HORA ALT(m) HORA ALT(m) HORA ALT(m) HORA ALT(m) HORA ALT(m)
01 0444 0.98 17 0527 0.83 01 0502 0.92 17 0555 0.79 01 0221 0.29 17 0238 0.33 01 0006 0.50 17 0246 0.38
1059 0.31 0919 0.35 0902 0.50 0929 0.50 0717 0.77 0734 0.77 0317 0.33 0746 0.81
TER 1 1 1 6 5 5 1 9 0 0 . . 2 8 9 8 QUI 1 1 3 6 2 0 7 4 0 0 . . 7 6 7 5 QUI 1 1 1 4 1 0 9 8 0 0 . . 6 5 1 2 SÁB 1 1 3 7 2 0 3 1 0 0 . . 8 6 3 1 DOM0 1 9 2 4 4 6 2 0 0 . . 7 8 5 8 TER 1 1 0 3 2 3 7 4 0 0 . . 6 7 7 5 TER 0 1 7 0 4 5 9 3 0 0 . . 7 6 9 5 QUI 1 1 1 3 1 0 2 4 0 0 . . 6 7 9 1
2108 0.25 1 2 7 2 4 0 9 2 0 0 . . 6 3 7 3 1 2 7 1 0 0 4 4 0 0 . . 7 2 5 7 1831 0.62 1 1 2 6 8 2 2 5 1 3 7 9 0 0 0 . . . 5 6 4 6 9 8 1 2 7 1 0 0 2 6 0 0 . . 5 7 6 5 1 1 1 3 6 9 3 4 2 6 7 5 0 0 0 . . . 8 6 8 1 3 3 1 2 6 1 5 0 1 4 0 0 . . 5 8 6 5
2316 0.52
02 0 0 5 9 2 5 1 7 0 0 . . 9 4 0 4 18 0 0 6 9 1 5 2 5 0 0 . . 7 4 5 6 02 0 0 1 6 0 0 4 2 0 0 . . 4 8 2 1 18 0 0 2 6 3 5 1 5 0 0 . . 3 7 6 3 02 0016 0.50 18 0336 0.31 02 0 0 1 4 0 2 1 7 0 0 . . 5 3 6 6 18 0 0 3 9 5 0 5 2 0 0 . . 3 8 8 1
QUA 1 1 1 2 1 3 7 1 2 0 3 3 5 4 1 2 0 0 0 0 . . . . 4 4 7 3 6 4 9 1 SEX 1 1 2 3 8 2 5 4 1 7 2 4 0 0 0 . . . 8 6 4 3 1 6 SEX 0 1 1 1 2 9 2 5 7 1 1 0 2 5 2 9 4 7 5 3 0 0 0 0 0 . . . . . 6 7 5 6 3 3 7 4 7 5 DOM1 1 1 2 0 3 7 0 0 5 3 2 1 1 8 9 0 0 0 0 . . . . 6 8 5 6 0 3 8 3 SEG 0 1 1 3 3 7 4 1 1 0 9 2 0 0 0 . . . 2 8 5 7 8 4 QUA 0 1 2 9 7 2 0 2 1 4 9 4 0 0 0 . . . 7 5 8 9 0 3 QUA 0 1 1 1 2 8 1 4 7 0 5 5 0 1 2 3 5 8 7 5 0 0 0 0 0 . . . . . 7 6 7 6 8 7 7 5 0 6 SEX 1 2 7 2 1 1 6 7 0 0 . . 4 9 8 0
2002 0.73
03 0 1 6 0 1 0 0 4 0 0 . . 8 5 1 8 19 0 0 0 3 2 2 7 1 0 0 . . 4 4 8 2 03 0 0 0 2 1 5 7 5 0 0 . . 4 3 8 8 19 0 0 3 8 3 3 4 1 0 0 . . 3 7 1 3 03 0442 0.25 19 0421 0.27 03 0 0 0 1 1 4 4 4 0 0 . . 5 6 8 0 19 0 1 4 0 5 4 7 6 0 0 . . 3 8 5 1
QUI 1 1 1 2 2 5 8 1 0 1 0 4 4 2 8 0 0 0 0 0 . . . . 6 5 6 3 3 2 9 8 SÁB 0 1 1 1 2 7 0 4 8 0 2 1 1 1 5 3 9 0 7 9 0 0 0 0 0 . . . . . 6 5 8 5 6 9 8 3 6 0 SÁB 1 1 1 2 2 6 9 1 4 4 0 5 7 2 1 3 0 0 0 0 . . . . 8 5 6 4 8 4 1 4 SEG 1 1 1 2 0 3 7 2 3 5 5 2 6 3 7 3 0 0 0 0 . . . . 6 7 5 7 9 9 2 3 TER 1 1 1 3 7 0 5 5 53 3 3 0 0 0 . . . 8 8 5 5 3 2 QUI 1 1 2 0 7 3 4 5 0 7 7 6 0 0 0 . . . 8 4 9 5 2 2 QUI 0 1 1 1 1 5 0 3 4 7 3 0 1 2 5 2 2 2 5 3 0 0 0 0 0 . . . . . 3 7 6 6 5 8 7 5 7 6 SÁB 1 2 7 3 5 2 7 3 0 0 . . 4 9 0 8
2219 0.58 2108 0.81 2131 0.88
04 0 0 0 3 5 2 7 3 0 0 . . 5 4 4 4 20 0 0 4 9 1 1 4 7 0 0 . . 3 7 1 1 04 0 0 0 4 4 0 6 4 0 0 . . 5 2 4 9 20 0 1 4 2 1 1 7 0 0 0 . . 2 7 5 9 04 0538 0.21 20 0512 0.21 04 0625 0.40 20 0606 0.33
SEX 0 0 1 1 1 7 9 2 6 9 3 1 4 3 0 8 0 6 1 6 0 0 0 0 0 . . . . . 7 7 7 5 6 3 1 7 2 0 DOM1 1 1 2 0 4 8 3 5 2 3 4 5 1 8 0 0 0 0 0 . . . . 6 8 5 7 9 1 0 1 DOM1 1 2 2 3 7 0 2 1 4 1 4 9 4 6 0 0 0 0 0 . . . . 9 4 6 5 2 8 3 6 TER 1 2 8 3 0 1 8 4 0 0 . . 4 8 6 3 QUA 1 2 1 8 2 1 1 1 21 4 2 0 0 0 . . . 8 4 9 8 8 0 SEX 1 1 2 1 8 3 3 2 5 6 5 1 0 0 1 . . . 9 3 0 0 5 2 SEX 1 1 2 1 8 2 0 0 3 2 2 8 0 0 0 . . . 8 5 9 1 0 2 DOM1 1 1 8 3 4 4 0 0 0 . . 8 2 5 9
2202 0.44
05 0102 0.58 21 0501 0.21 05 0046 0.60 21 0502 0.17 05 0627 0.21 21 0608 0.19 05 0710 0.42 21 0012 1.06
0427 0.33 1255 0.81
SÁB 1246 0.88 SEG 1859 0.44 SEG 0502 0.19 QUA 1138 0.88 QUI 1157 0.90 SÁB 1210 0.94 SÁB 1153 0.83 SEG 0712 0.31
1755 0.48 1202 0.94 1838 0.38 1832 0.44 1855 0.27 1812 0.40 1214 0.86
2042 0.58
2225 0.54 1817 0.44 2351 0.94 2312 0.98 2344 0.96 1923 0.19
2151 0.73
06 0106 0.61 22 0010 0.81 06 0551 0.09 22 0538 0.10 06 0706 0.23 22 0029 1.08 06 0757 0.44 22 0101 1.12
DOM0516 0.19 TER 0532 0.10 TER 1210 0.98 QUI 1208 0.96 SEX 1225 0.92 DOM0704 0.19 DOM1234 0.86 TER 0812 0.29
1232 0.96 1210 0.88 1849 0.42 1857 0.31 1817 0.35 1247 0.96 1827 0.27 1257 0.88
1844 0.40 1912 0.38 2259 0.85 1940 0.21 2010 0.09
07 0101 0.67 23 0031 0.92 07 0638 0.04 23 0025 1.02 07 0006 1.04 23 0106 1.15 07 0038 1.00 23 0147 1.17
0517 0.50 0910 0.31
SEG 0608 0.05 QUA 0612 0.02 QUA 1234 1.02 SEX 0621 0.05 SÁB 0749 0.27 SEG 0804 0.21 SEG 0649 0.52 QUA 1336 0.90
1251 1.04 1240 0.96 1906 0.38 1246 1.00 1302 0.94 1319 0.94 0829 0.48 2102 0.01
1312 0.90
1917 0.36 1944 0.31 2349 0.96 1927 0.25 1804 0.23 2019 0.15 1906 0.17
2329 0.79
08 0657 -0.04 24 0059 1.02 08 0716 0.03 24 0059 1.10 08 0055 1.08 24 0151 1.17 08 0117 1.04 24 0232 1.17
TER 1314 1.08 QUI 0642 -0.03 QUI 1304 1.02 SÁB 0704 0.03 DOM0601 0.33 TER 0906 0.25 TER 0557 0.44 QUI 1004 0.36
1949 0.33 1316 1.02 1916 0.33 1317 1.02 0802 0.33 1359 0.92 0902 0.50 1410 0.92
1955 0.27 1942 0.21 1342 0.94 2104 0.11 1355 0.90 2155 -0.02
1829 0.13 1936 0.10
09 0019 0.90 25 0125 1.08 09 0038 1.06 25 0131 1.15 09 0136 1.10 25 0236 1.17 09 0204 1.06 25 0312 1.17
QUA 0740 -0.09 SEX 0719 -0.06 SEX 0757 0.07 DOM0744 0.06 SEG 0608 0.29 QUA 1008 0.33 QUA 0631 0.40 SEX 1055 0.44
1342 1.08 1353 1.06 1340 1.02 1355 1.02 1408 0.92 1431 0.90 1427 0.90 1501 0.94
2004 0.31 1925 0.23 1819 0.23 2021 0.19 1910 0.07 2201 0.09 2025 0.06 2244 0.00
10 0101 1.02 26 0201 1.13 10 0112 1.12 26 0206 1.19 10 0216 1.08 26 0314 1.13 10 0249 1.06 26 0402 1.12
0644 0.27 0857 0.56 0704 0.38 0802 0.58
QUI 0817 -0.08 SÁB 0746 -0.04 SÁB 0827 0.15 SEG 0851 0.15 TER 1449 0.90 QUI 1117 0.44 QUI 1506 0.88 SÁB 0921 0.62
1406 1.08 1419 1.08 1406 1.00 1419 1.00 1953 0.06 1510 0.85 2059 0.06 1146 0.54
2049 0.21 1549 0.96
1944 0.29 1919 0.17 1844 0.11 1917 0.17 2257 0.10 2325 0.06
11 0140 1.10 27 0234 1.15 11 0157 1.15 27 0249 1.17 11 0 0 2 7 5 1 7 0 1 0 . . 0 2 6 9 27 0 0 4 8 0 0 4 2 1 0 . . 0 5 6 8 11 0 0 3 7 2 4 1 4 1 0 . . 0 3 4 8 27 0 0 4 8 4 3 9 6 1 0 . . 0 5 6 4
SEX 0 1 1 8 4 9 5 4 0 9 2 6 - 1 0 0 . . . 0 1 0 6 7 2 DOM0 1 1 8 4 9 2 5 3 7 7 4 0 1 0 . . . 0 0 1 1 4 5 DOM 1 1 0 4 9 6 4 1 4 4 2 7 0 0 0 . . . 9 0 1 6 4 7 TER 1 1 1 0 4 9 0 5 3 1 9 8 0 0 0 . . . 2 9 1 5 4 5 QUA 1 2 5 0 2 3 1 2 0 0 . . 8 0 5 8 SEX 0 1 1 2 2 9 2 5 1 3 5 4 5 4 4 7 2 9 4 9 0 0 0 0 0 . . . . . 6 5 8 2 1 5 2 3 5 5 SEX 1 2 5 1 5 3 1 4 0 0 . . 8 0 8 9 DOM1 1 1 2 0 2 6 2 5 4 2 0 5 2 9 1 0 0 0 0 . . . . 6 6 9 3 7 2 6 1
2147 0.19
12 0217 1.13 28 0304 1.15 12 0238 1.12 28 0323 1.12 12 0334 1.02 28 0459 0.98 12 0402 1.02 28 0016 0.17
0721 0.10 0817 0.11 0702 0.15 0755 0.38 0747 0.31 0844 0.60 0814 0.40 0525 0.98
SÁB 0 0 8 9 0 3 6 6 0 0 . . 1 1 1 0 SEG 1 2 5 0 2 0 5 1 0 0 . . 9 1 8 3 SEG 1 1 5 9 1 5 0 3 0 0 . . 9 0 2 2 QUA 0 1 9 1 1 0 6 4 0 0 . . 4 3 2 8 QUI 1 1 3 5 0 5 4 9 0 0 . . 6 8 5 1 SÁB 1 1 0 3 5 5 7 3 0 0 . . 7 5 5 8 SÁB 1 2 6 2 2 3 5 2 0 0 . . 8 1 5 5 SEG 0 1 9 2 0 2 8 3 0 0 . . 5 7 0 1
1 1 5 9 0 3 8 1 1 0 . . 0 0 2 8 1 2 2 5 0 2 3 0 5 4 2 1 0 0 0 . . . 8 1 2 6 7 3 2119 0.13 1 2 2 6 1 2 4 0 1 7 4 9 0 0 0 . . . 8 2 3 1 9 3 1 1 2 4 7 1 1 1 3 0 2 2 0 0 0 . . . 6 9 3 9 6 5
2306 0.40
13 0259 1.13 29 0346 1.10 13 0 0 3 7 0 3 8 1 1 0 . . 0 1 8 9 29 0 0 4 8 0 1 6 0 1 0 . . 0 4 4 8 13 0 0 4 8 1 1 0 6 0 0 . . 9 3 6 6 29 0 0 0 5 4 5 9 5 0 0 . . 2 9 1 0 13 0 0 4 8 4 4 6 7 0 0 . . 9 4 8 2 29 0 0 1 6 2 0 3 8 0 0 . . 3 9 1 0
DOM0 1 7 5 3 4 2 7 0 0 . . 1 9 1 6 TER 0 1 8 0 1 5 9 3 0 0 . . 2 2 3 7 TER 1 2 5 0 4 2 9 3 0 0 . . 8 0 6 5 QUI 1 1 1 0 2 6 1 5 0 0 1 8 0 0 0 . . . 5 5 7 8 0 9 SEX 1 1 1 2 4 6 0 1 3 8 4 8 0 0 0 . . . 7 6 7 3 7 7 DOM0 1 1 9 1 5 1 5 0 4 5 1 0 0 0 . . . 6 8 6 2 1 2 DOM1 1 1 2 4 7 3 1 0 4 2 8 0 0 0 . . . 7 6 8 1 9 3 TER 0 1 1 9 3 5 5 3 0 3 4 6 0 0 0 . . . 4 7 7 6 7 3
2004 0.03 1601 0.92 2034 0.21 2223 0.21 1740 0.81 2331 0.23 1802 0.94
2221 0.29 2153 0.38 2204 0.40
2019 0.15 2353 0.27 2312 0.40
14 0336 1.08 30 0417 1.02 14 0 0 3 8 4 0 9 1 1 0 . . 0 2 0 3 30 0 0 5 8 0 4 1 9 0 0 . . 9 5 4 8 14 0 0 4 8 5 5 5 1 0 0 . . 9 4 0 2 30 0 0 1 6 5 4 9 9 0 0 . . 2 8 7 3 14 0 0 5 9 1 1 9 7 0 0 . . 9 4 4 8 30 0 0 0 2 1 5 4 5 0 0 . . 5 4 2 4
SEG 0 1 7 6 5 1 7 4 0 0 . . 1 9 2 0 QUA 0 1 8 2 4 0 9 4 0 0 . . 3 4 6 2 QUA 1 1 1 2 3 6 0 4 1 6 4 6 0 0 0 . . . 6 6 7 5 2 9 SEX 1 1 1 1 4 6 0 1 5 6 2 7 0 0 0 . . . 7 5 7 3 6 3 SÁB 1 1 1 2 5 7 3 1 1 4 0 7 0 0 0 . . . 7 6 7 7 7 3 SEG 1 1 1 0 2 5 0 4 5 1 6 7 0 0 0 . . . 6 8 6 3 3 3 SEG 1 1 1 3 5 7 0 0 5 2 1 9 0 0 0 . . . 7 6 8 3 9 1 QUA 0 1 1 6 0 4 5 2 0 9 7 4 0 0 0 . . . 8 4 7 3 8 7
2038 0.05 1634 0.83 2102 0.12 2059 0.27 2349 0.29 1834 0.81 1602 0.71
2304 0.36 2234 0.46 1855 0.92
2051 0.21 2247 0.48
15 0406 1.00 15 0 0 4 8 2 2 3 9 0 0 . . 9 3 2 1 31 0 0 1 6 0 0 6 1 0 0 . . 2 8 9 3 15 0538 0.85 15 0 0 0 6 3 0 8 1 0 0 . . 2 9 9 0 31 0 0 1 4 1 1 6 6 0 0 . . 6 5 2 0
TER 1 0 3 8 5 2 1 1 0 0 . . 5 1 8 9 QUI 1 1 1 2 4 6 2 5 5 9 3 3 0 0 0 . . . 7 6 7 5 5 3 SÁB 0 1 1 9 1 5 1 5 1 2 9 9 0 0 0 . . . 6 8 5 7 3 8 DOM0 1 9 3 1 0 9 2 0 0 . . 5 7 0 9 TER 0 1 1 9 3 5 5 1 3 5 7 4 0 0 0 . . . 5 7 6 4 1 5 QUI 0 1 1 7 1 4 4 1 4 6 0 4 0 0 0 . . . 7 5 7 7 2 3
1651 0.83 2138 0.23 1751 0.69 1602 0.65 1853 0.81 1655 0.67
2136 0.36 1949 0.88
2106 0.11 2353 0.44 1819 0.69 2319 0.54
16 0447 0.92 16 0504 0.85 16 0140 0.33 16 0147 0.35
0853 0.25 0901 0.40 0625 0.81 0649 0.85
QUA 1259 0.69 SEX 1259 0.79 SEG 0959 0.58 QUA 1023 0.60
1501 0.62 1553 0.65 1321 0.77 1319 0.71
1714 0.75 1721 0.67 1640 0.61 1606 0.61
2140 0.23 2229 0.35 1944 0.71 1951 0.81
DG6-63 Original
==================================================
