Latitude 62° 05'.1 S Longitude 58° 23'.7 W Fuso UTC -04.0 horas
CHM 14 Componentes Nível Médio 1.37 m Carta 25121
HORA ALT(m) HORA ALT(m) HORA ALT(m) HORA ALT(m) HORA ALT(m) HORA ALT(m) HORA ALT(m) HORA ALT(m)
0253 1.81 0021 1.58 0029 1.57 0108 1.17 0002 1.56 0017 1.12 0008 0.77 0029 0.39
1108 0.23 0446 1.87 0516 1.99 0640 2.10 0429 1.81 0559 2.02 0625 2.13 0712 2.32
1919 2.07 1217 0.22 1244 0.18 1325 0.27 1159 0.44 1236 0.47 1238 0.74 1312 0.97
1951 2.06 1959 1.98 2001 2.04 1910 1.89 1902 1.95 1831 1.94 1831 1.94
0002 1.71 0057 1.48 0055 1.38 0132 0.99 0012 1.32 0040 0.90 0038 0.54 0101 0.18
0401 1.92 0542 1.96 0614 2.12 0719 2.21 0538 1.98 0640 2.19 0702 2.21 0753 2.33
1159 0.09 1257 0.15 1319 0.20 1359 0.34 1234 0.42 1306 0.51 1304 0.80 1338 1.12
1951 2.08 2012 2.09 2008 1.97 2016 2.03 1916 1.91 1912 1.96 1849 2.03 1847 2.04
0029 1.66 0123 1.37 0121 1.17 0159 0.81 0036 1.07 0102 0.67 0104 0.36 0134 0.05
0501 2.04 0629 2.04 0702 2.20 0759 2.26 0627 2.13 0717 2.31 0736 2.24 0831 2.25
1244 0.02 1334 0.14 1353 0.28 1427 0.47 1304 0.44 1338 0.61 1331 0.88 1359 1.26
2016 2.05 2034 2.09 2023 1.98 2031 2.01 1923 1.95 1927 1.97 1906 2.10 1904 2.14
0059 1.56 0155 1.26 0155 0.96 0225 0.65 0102 0.83 0129 0.47 0136 0.24 0206 -0.00
0555 2.13 0712 2.10 0746 2.22 0838 2.25 0706 2.23 0757 2.35 0810 2.22 0908 2.11
1323 0.03 1408 0.19 1421 0.40 1455 0.65 1334 0.51 1404 0.76 1355 0.98 1412 1.37
2038 2.00 2057 2.06 2040 2.00 2046 2.01 1938 2.01 1940 2.01 1925 2.15 1927 2.21
0127 1.43 0221 1.13 0223 0.80 0255 0.52 0132 0.63 0159 0.30 0204 0.18 0246 0.05
0646 2.19 0755 2.13 0825 2.19 0914 2.17 0746 2.26 0832 2.30 0846 2.14 0949 1.92
1402 0.12 1442 0.30 1449 0.56 1516 0.87 1401 0.61 1427 0.94 1414 1.09 1425 1.44
2059 1.95 2116 2.02 2055 2.04 2059 2.03 1955 2.07 1955 2.07 1946 2.18 1955 2.23
0201 1.27 0253 1.01 0259 0.67 0325 0.44 0202 0.48 0227 0.20 0236 0.19 0323 0.19
0732 2.19 0834 2.12 0902 2.10 0957 2.02 0819 2.23 0910 2.18 0917 2.02 1032 1.73
1436 0.26 1512 0.46 1510 0.72 1534 1.09 1421 0.74 1446 1.13 1434 1.20 1438 1.47
2116 1.92 2134 1.97 2110 2.07 2112 2.05 2010 2.12 2008 2.13 2006 2.17 2025 2.18
0236 1.13 0321 0.90 0331 0.61 0402 0.43 0232 0.38 0301 0.18 0308 0.25 0406 0.40
0816 2.13 0916 2.05 0942 1.96 1044 1.82 0855 2.15 0949 2.00 0957 1.88 1127 1.57
1506 0.44 1544 0.67 1531 0.90 1546 1.29 1444 0.88 1457 1.28 1453 1.31 1447 1.47
2136 1.91 2151 1.93 2129 2.08 2127 2.07 2027 2.15 2027 2.18 2027 2.12 2101 2.04
0314 1.00 0357 0.81 0406 0.59 0447 0.47 0302 0.35 0338 0.24 0344 0.37 0502 0.64
0902 2.02 1004 1.94 1021 1.80 1147 1.60 0927 2.02 1032 1.78 1042 1.72 2142 1.85
1536 0.64 1610 0.92 1551 1.07 1532 1.45 1501 1.03 1502 1.40 1506 1.42
2155 1.92 2206 1.90 2151 2.07 2144 2.07 2047 2.16 2049 2.18 2049 2.03
0357 0.91 0436 0.73 0449 0.61 0547 0.57 0334 0.38 0419 0.38 0423 0.53 0627 0.87
0951 1.88 1101 1.79 1112 1.62 2151 2.03 1004 1.86 1132 1.56 1157 1.58 2327 1.62
1602 0.84 1634 1.17 1601 1.25 1516 1.17 1447 1.47 1501 1.53
2216 1.93 2221 1.89 2210 2.03 2104 2.14 2108 2.12 2102 1.91
0444 0.86 0527 0.69 0542 0.67 0731 0.67 0410 0.46 0516 0.58 0523 0.71 0840 0.99
1044 1.71 1219 1.62 1238 1.46 2132 1.94 1049 1.68 2125 1.99 2046 1.77 1625 1.58
1629 1.04 1647 1.42 1536 1.41 1525 1.32 2147 1.32
2242 1.93 2238 1.90 2229 1.97 2123 2.07
0538 0.83 0636 0.66 0659 0.73 0955 0.63 0455 0.58 0659 0.77 0723 0.85 0327 1.62
1153 1.56 2246 1.90 2232 1.88 1938 1.88 1201 1.50 2108 1.81 1738 1.73 1006 1.01
1655 1.24 1459 1.44 1636 1.65
2310 1.91 2136 1.98 2229 1.05
0649 0.80 0814 0.61 0857 0.72 1112 0.52 0559 0.72 0940 0.81 0940 0.84 0451 1.78
1410 1.46 2219 1.89 2001 1.83 1914 1.88 2121 1.87 1831 1.72 1732 1.78 1057 1.02
1706 1.43 2323 1.56 2308 1.37 1651 1.74
2346 1.87 2304 0.79
0814 0.73 0959 0.49 1034 0.59 0812 0.80 0259 1.63 0359 1.63 0540 1.94
1936 1.95 1912 1.92 1914 1.82 1055 0.75 1049 0.78 1132 1.03
1810 1.74 1742 1.80 1710 1.85
2321 1.30 2317 1.14 2336 0.55
0031 1.83 1110 0.35 0038 1.64 1017 0.72 0453 1.80 0504 1.85 0617 2.06
0938 0.62 1940 1.99 0316 1.68 1840 1.88 1138 0.71 1134 0.74 1204 1.06
1849 1.78 1131 0.45 1810 1.79 1751 1.81 1732 1.94
2208 1.71 1919 1.99 2344 1.03 2336 0.89
0153 1.79 0014 1.73 0032 1.50 0016 1.51 0546 1.99 0553 2.07
1044 0.47 0355 1.86 0459 1.80 0349 1.61 1210 0.71 1210 0.76
1906 1.91 1202 0.23 1214 0.34 1117 0.59 1817 1.86 1802 1.83
2342 1.66 1951 1.99 1932 2.03 1844 1.92
0331 1.80 0049 1.34 0006 1.33 0002 0.63
1134 0.33 0555 1.96 0510 1.81 0632 2.23
1929 2.00 1253 0.27 1201 0.50 1244 0.84
1947 2.05 1851 1.94 1816 1.87
01 17 01 17 01 17 01 17
QUI SÁB DOM TER DOM TER QUA SEX
02 18 02 18 02 18 02 18
SEX DOM SEG QUA SEG QUA QUI SÁB
03 19 03 19 03 19 03 19
SÁB SEG TER QUI TER QUI SEX DOM
04 20 04 20 04 20 04 20
DOM TER QUA SEX QUA SEX SÁB SEG
05 21 05 21 05 21 05 21
SEG QUA QUI SÁB QUI SÁB DOM TER
06 22 06 22 06 22 06 22
TER QUI SEX DOM SEX DOM SEG QUA
07 23 07 23 07 23 07 23
QUA SEX SÁB SEG SÁB SEG TER QUI
08 24 08 24 08 24 08 24
QUI SÁB DOM TER DOM TER QUA SEX
09 25 09 25 09 25 09 25
SEX DOM SEG QUA SEG QUA QUI SÁB
10 26 10 26 10 26 10 26
SÁB SEG TER QUI TER QUI SEX DOM
11 27 11 27 11 27 11 27
DOM TER QUA SEX QUA SEX SÁB SEG
12 28 12 28 12 28 12 28
SEG QUA QUI SÁB QUI SÁB DOM TER
13 29 13 13 29 13 29
TER QUI SEX SEX DOM SEG QUA
14 30 14 14 30 14 30
QUA SEX SÁB SÁB SEG TER QUI
15 31 15 15 31 15
QUI SÁB DOM DOM TER QUA
16 16 16 16
SEX SEG SEG QUI
178
FUNDEADOURO DA ESTAÇÃO ANTÁRTICA COMANDANTE FERRAZ - 2026
Janeiro Fevereiro Março Abril
DG6-63 Original
==================================================
Latitude 62° 05'.1 S Longitude 58° 23'.7 W Fuso UTC -04.0 horas
CHM 14 Componentes Nível Médio 1.37 m Carta 25121
HORA ALT(m) HORA ALT(m) HORA ALT(m) HORA ALT(m) HORA ALT(m) HORA ALT(m) HORA ALT(m) HORA ALT(m)
0006 0.36 0040 0.03 0055 0.11 0155 0.03 0123 0.15 0225 0.29 0225 0.36 0255 0.79
0655 2.13 0755 2.22 0804 2.07 0910 1.95 0838 2.06 0902 1.90 0855 2.03 0849 2.07
1232 1.11 1310 1.44 1312 1.41 1351 1.48 1351 1.39 1423 1.08 1438 0.94 1512 0.52
1757 2.03 1801 2.08 1814 2.08 1906 2.19 1851 2.03 2010 2.16 2025 2.11 2131 1.99
0040 0.21 0116 -0.05 0131 0.10 0234 0.16 0202 0.19 0259 0.47 0257 0.50 0314 0.95
0729 2.16 0834 2.14 0842 2.05 0938 1.86 0906 2.04 0917 1.91 0912 2.00 0906 2.11
1301 1.16 1332 1.50 1347 1.42 1423 1.36 1423 1.31 1501 0.93 1506 0.83 1549 0.51
1819 2.09 1831 2.18 1849 2.08 1955 2.15 1934 2.03 2059 2.07 2106 2.06 2210 1.82
0110 0.12 0157 -0.04 0206 0.14 0312 0.35 0238 0.27 0325 0.66 0325 0.69 0331 1.11
0804 2.14 0914 2.01 0917 2.01 1001 1.80 0934 2.00 0936 1.93 0929 1.96 0927 2.11
1327 1.23 1353 1.51 1421 1.42 1504 1.24 1501 1.23 1542 0.81 1540 0.73 1629 0.54
1846 2.14 1904 2.23 1925 2.05 2047 2.04 2017 2.00 2144 1.94 2151 1.97 2259 1.65
0146 0.10 0238 0.07 0246 0.23 0349 0.56 0314 0.40 0351 0.86 0353 0.91 0344 1.26
0840 2.09 0953 1.87 0957 1.95 1023 1.78 1001 1.95 0957 1.96 0947 1.94 0951 2.07
1355 1.30 1414 1.48 1501 1.41 1555 1.13 1536 1.15 1623 0.75 1616 0.67 1717 0.62
1908 2.15 1944 2.20 2004 1.98 2142 1.90 2104 1.94 2234 1.78 2242 1.83
0216 0.13 0317 0.25 0321 0.36 0425 0.79 0351 0.58 0414 1.05 0416 1.15 0014 1.48
0916 2.00 1027 1.74 1034 1.88 1049 1.78 1025 1.89 1017 1.98 1002 1.93 0331 1.40
1417 1.36 1447 1.43 1542 1.40 1653 1.04 1614 1.07 1714 0.72 1702 0.63 1010 2.00
1936 2.12 2027 2.10 2049 1.89 2247 1.74 2157 1.86 2334 1.62 2353 1.67 1827 0.70
0251 0.22 0401 0.47 0404 0.53 0502 1.00 0427 0.78 0438 1.23 0434 1.39 1023 1.90
0959 1.90 1104 1.65 1114 1.81 1116 1.79 1049 1.83 1047 1.98 1017 1.92 2019 0.73
1447 1.43 1532 1.39 1634 1.36 1801 0.96 1659 0.99 1814 0.71 1802 0.62
2004 2.05 2117 1.93 2144 1.78 2259 1.76
0327 0.35 0449 0.72 0455 0.72 0010 1.59 0506 1.02 0110 1.49 1029 1.92 0844 1.80
1046 1.79 1147 1.60 1159 1.74 0546 1.20 1112 1.78 0451 1.40 1929 0.61 2206 0.64
1517 1.49 1646 1.34 1740 1.30 1155 1.81 1753 0.90 1116 1.94
2034 1.94 2227 1.74 2259 1.67 1916 0.86 1929 0.70
0412 0.52 0549 0.95 0557 0.93 0214 1.54 0021 1.66 1155 1.89 1017 1.90 0655 1.87
1151 1.69 1238 1.59 1244 1.68 0642 1.37 0555 1.27 2059 0.64 2117 0.53 1208 1.63
1604 1.54 1838 1.25 1859 1.18 1240 1.82 1138 1.75 1449 1.67
2108 1.81 2032 0.74 1901 0.79 2308 0.52
0508 0.71 0023 1.58 0051 1.60 0427 1.61 0240 1.64 0801 1.73 0727 1.93 0657 1.94
1338 1.64 0708 1.13 0716 1.12 0806 1.51 0701 1.51 1257 1.82 2242 0.40 1208 1.47
1753 1.55 1336 1.62 1329 1.64 1334 1.83 1204 1.74 2214 0.53 1640 1.78
2206 1.64 2025 1.07 2012 1.00 2138 0.60 2017 0.65 2355 0.42
0640 0.88 0302 1.59 0306 1.67 0544 1.74 0516 1.77 0701 1.85 0723 1.97 0706 1.99
1508 1.65 0840 1.24 0851 1.28 0944 1.58 0901 1.69 1112 1.70 1204 1.74 1225 1.30
2047 1.42 1431 1.69 1410 1.63 1436 1.85 1242 1.76 1449 1.79 1519 1.82 1740 1.93
2132 0.85 2114 0.78 2234 0.45 2134 0.48 2312 0.41 2340 0.29
0101 1.53 0436 1.71 0444 1.83 0631 1.86 0629 1.93 0716 1.94 0732 1.97 0031 0.36
0834 0.98 0951 1.30 1012 1.39 1057 1.59 1101 1.75 1204 1.60 1212 1.58 0719 2.01
1549 1.66 1516 1.77 1451 1.67 1536 1.88 1349 1.80 1619 1.83 1655 1.95 1249 1.11
2144 1.21 2221 0.64 2206 0.54 2321 0.32 2240 0.31 1825 2.08
0338 1.66 0531 1.84 0549 1.98 0706 1.95 0712 2.02 0001 0.31 0025 0.24 0104 0.36
1001 1.01 1044 1.33 1110 1.48 1151 1.56 1151 1.76 0736 2.01 0742 1.94 0736 2.03
1612 1.67 1557 1.85 1529 1.75 1631 1.92 1517 1.87 1240 1.48 1234 1.37 1312 0.93
2217 0.96 2302 0.45 2257 0.31 2336 0.17 1725 1.91 1759 2.09 1904 2.19
0451 1.87 0614 1.95 0642 2.09 0004 0.22 0746 2.05 0042 0.24 0102 0.26 0136 0.42
1059 1.05 1125 1.36 1155 1.56 0740 2.01 1216 1.70 0755 2.05 0751 1.93 0753 2.03
1632 1.70 1632 1.93 1608 1.86 1234 1.52 1634 1.97 1308 1.34 1302 1.14 1340 0.75
2251 0.69 2342 0.29 2344 0.12 1719 1.97 1817 2.00 1849 2.20 1944 2.24
0544 2.05 0653 2.02 0727 2.13 0047 0.16 0025 0.09 0117 0.23 0136 0.34 0206 0.53
1142 1.12 1202 1.38 1223 1.61 0808 2.05 0808 2.03 0814 2.06 0802 1.94 0806 2.03
1653 1.75 1708 2.00 1651 1.98 1312 1.46 1247 1.59 1340 1.21 1334 0.92 1406 0.60
2325 0.42 1806 2.01 1738 2.08 1902 2.07 1932 2.23 2021 2.23
0629 2.18 0017 0.17 0027 0.01 0108 0.08 0155 0.26 0206 0.46 0232 0.70
1216 1.23 0729 2.06 0806 2.11 0827 1.97 0836 2.05 0816 1.97 0821 2.03
1712 1.84 1240 1.40 1255 1.62 1314 1.44 1408 1.07 1404 0.73 1436 0.48
1742 2.05 1734 2.10 1832 2.16 1946 2.11 2012 2.21 2059 2.16
0001 0.19 0110 -0.03 0151 0.15 0232 0.62
0712 2.24 0842 2.04 0846 1.93 0831 2.02
1247 1.34 1319 1.57 1349 1.26 1440 0.60
1736 1.96 1817 2.17 1923 2.19 2053 2.12
01 17 01 17 01 17 01 17
SEX DOM SEG QUA QUA SEX SÁB SEG
02 18 02 18 02 18 02 18
SÁB SEG TER QUI QUI SÁB DOM TER
03 19 03 19 03 19 03 19
DOM TER QUA SEX SEX DOM SEG QUA
04 20 04 20 04 20 04 20
SEG QUA QUI SÁB SÁB SEG TER QUI
05 21 05 21 05 21 05 21
TER QUI SEX DOM DOM TER QUA SEX
06 22 06 22 06 22 06 22
QUA SEX SÁB SEG SEG QUA QUI SÁB
07 23 07 23 07 23 07 23
QUI SÁB DOM TER TER QUI SEX DOM
08 24 08 24 08 24 08 24
SEX DOM SEG QUA QUA SEX SÁB SEG
09 25 09 25 09 25 09 25
SÁB SEG TER QUI QUI SÁB DOM TER
10 26 10 26 10 26 10 26
DOM TER QUA SEX SEX DOM SEG QUA
11 27 11 27 11 27 11 27
SEG QUA QUI SÁB SÁB SEG TER QUI
12 28 12 28 12 28 12 28
TER QUI SEX DOM DOM TER QUA SEX
13 29 13 29 13 29 13 29
QUA SEX SÁB SEG SEG QUA QUI SÁB
14 30 14 30 14 30 14 30
QUI SÁB DOM TER TER QUI SEX DOM
15 31 15 15 31 15 31
SEX DOM SEG QUA SEX SÁB SEG
16 16 16 16
SÁB TER QUI DOM
179
FUNDEADOURO DA ESTAÇÃO ANTÁRTICA COMANDANTE FERRAZ - 2026
Maio Junho Julho Agosto
DG6-63 Original
==================================================
Latitude 62° 05'.1 S Longitude 58° 23'.7 W Fuso UTC -04.0 horas
CHM 14 Componentes Nível Médio 1.37 m Carta 25121
HORA ALT(m) HORA ALT(m) HORA ALT(m) HORA ALT(m) HORA ALT(m) HORA ALT(m) HORA ALT(m) HORA ALT(m)
0257 0.89 0255 1.21 0238 1.30 0251 1.41 0242 1.47 0023 1.66 0417 1.27 0612 1.14
0834 2.04 0844 2.16 0804 2.16 0831 2.04 0842 2.04 0516 1.48 1004 1.78 1202 1.58
1506 0.41 1551 0.42 1514 0.22 1604 0.53 1634 0.62 1001 1.64 1708 0.93 1812 1.14
2138 2.03 2232 1.68 2214 1.81 2327 1.60 1755 0.91 2344 1.62
0314 1.10 0304 1.33 0246 1.42 0259 1.50 0025 1.50 0155 1.63 0549 1.19 0029 1.68
0851 2.06 0902 2.09 0825 2.16 0851 1.90 0255 1.48 0753 1.38 1144 1.60 0732 1.00
1542 0.40 1634 0.56 1559 0.36 1701 0.72 0927 1.85 1221 1.51 1812 1.15 1431 1.59
2223 1.85 2340 1.51 2312 1.60 1751 0.86 1947 1.05 1949 1.35
0325 1.30 0249 1.44 0236 1.49 0853 1.74 0502 1.49 0259 1.64 0031 1.63 0114 1.65
0904 2.07 0919 1.98 0847 2.10 1847 0.89 1104 1.63 0914 1.18 0738 1.05 0849 0.82
1623 0.44 1734 0.72 1653 0.56 1959 1.03 1521 1.61 1431 1.55 1640 1.74
2325 1.64 2129 1.11 1946 1.32 2144 1.48
0321 1.46 0914 1.85 0906 1.98 0457 1.68 0344 1.54 0334 1.65 0131 1.68 0204 1.66
0921 2.06 1940 0.82 1823 0.76 2108 0.91 0904 1.30 0957 0.94 0902 0.85 0951 0.59
1719 0.54 1502 1.61 1640 1.81 1629 1.67 1751 1.93
2140 1.08 2236 1.15 2116 1.41 2302 1.55
0931 2.01 0651 1.77 0857 1.80 0457 1.73 0359 1.61 0402 1.69 0229 1.74 0257 1.71
1853 0.66 2153 0.77 2104 0.83 1040 1.32 1001 1.03 1032 0.68 1001 0.64 1042 0.36
1546 1.61 1634 1.77 1732 2.00 1729 1.80 1840 2.06
2223 0.86 2234 1.10 2321 1.20 2221 1.44 2351 1.60
0914 1.93 0606 1.83 0601 1.69 0508 1.77 0417 1.71 0425 1.75 0321 1.82 0347 1.81
2117 0.66 1144 1.48 1049 1.55 1055 1.09 1040 0.76 1108 0.43 1046 0.45 1129 0.16
1536 1.61 1432 1.63 1651 1.83 1725 1.93 1817 2.15 1812 1.92 1921 2.14
2255 0.66 2229 0.79 2310 0.83 2312 1.12 2310 1.45
0714 1.86 0610 1.88 0542 1.71 0521 1.80 0440 1.81 0001 1.28 0406 1.90 0021 1.63
2246 0.56 1140 1.28 1053 1.28 1114 0.84 1114 0.52 0451 1.83 1125 0.28 0436 1.93
1655 1.80 1632 1.81 1736 2.03 1804 2.05 1146 0.20 1849 2.01 1214 0.02
2338 0.59 2316 0.76 2349 0.85 2346 1.15 1901 2.23 2351 1.45 1959 2.14
0649 1.86 0621 1.91 0542 1.75 0534 1.83 0504 1.92 0031 1.37 0449 1.98 0051 1.62
1140 1.55 1157 1.07 1116 1.00 1142 0.60 1147 0.32 0516 1.94 1204 0.16 0523 2.06
1606 1.79 1742 2.00 1727 1.99 1816 2.20 1842 2.13 1221 0.03 1921 2.06 1259 -0.04
2336 0.49 2349 0.77 1942 2.23 2027 2.09
0647 1.85 0012 0.56 0549 1.82 0021 0.91 0012 1.18 0059 1.45 0025 1.44 0114 1.56
1151 1.31 0632 1.94 1146 0.73 0551 1.88 0531 2.02 0546 2.06 0525 2.04 0610 2.16
1717 1.98 1216 0.84 1808 2.13 1208 0.36 1219 0.17 1301 -0.07 1242 0.09 1340 -0.01
1821 2.17 1857 2.29 1914 2.16 2019 2.17 1957 2.08 2055 2.01
0012 0.47 0046 0.59 0017 0.81 0053 1.02 0044 1.22 0121 1.50 0102 1.42 0144 1.45
0651 1.87 0647 1.96 0602 1.92 0606 1.95 0559 2.10 0614 2.16 0602 2.08 0659 2.21
1212 1.05 1242 0.62 1212 0.49 1242 0.17 1255 0.08 1340 -0.07 1317 0.07 1417 0.10
1808 2.14 1901 2.28 1846 2.22 1934 2.31 1951 2.14 2059 2.06 2027 2.08 2116 1.92
0046 0.50 0114 0.67 0046 0.87 0116 1.15 0108 1.27 0146 1.51 0136 1.40 0212 1.31
0659 1.91 0701 1.98 0619 2.01 0625 2.04 0623 2.14 0651 2.21 0640 2.09 0746 2.20
1240 0.79 1308 0.43 1244 0.31 1312 0.04 1327 0.06 1417 0.03 1355 0.11 1457 0.28
1851 2.24 1938 2.32 1919 2.24 2012 2.26 2023 2.10 2132 1.93 2101 2.05 2138 1.86
0112 0.58 0142 0.81 0108 0.95 0140 1.28 0138 1.32 0206 1.47 0208 1.37 0249 1.17
0710 1.97 0716 2.02 0642 2.10 0646 2.12 0651 2.16 0729 2.20 0716 2.07 0834 2.12
1308 0.57 1338 0.28 1314 0.19 1347 -0.01 1401 0.10 1459 0.20 1429 0.20 1529 0.50
1927 2.27 2014 2.29 1955 2.21 2051 2.13 2101 2.02 2204 1.80 2132 2.00 2157 1.83
0140 0.69 0204 0.97 0132 1.04 0159 1.38 0202 1.36 0238 1.41 0246 1.34 0331 1.04
0727 2.05 0731 2.07 0701 2.16 0706 2.19 0719 2.13 0812 2.12 0757 2.02 0923 1.98
1340 0.41 1406 0.18 1346 0.14 1423 0.03 1434 0.19 1540 0.42 1504 0.33 1601 0.74
2004 2.24 2053 2.18 2027 2.13 2131 1.96 2138 1.92 2234 1.70 2204 1.94 2214 1.84
0202 0.81 0223 1.15 0155 1.14 0212 1.45 0232 1.40 0317 1.34 0323 1.31 0417 0.95
0746 2.12 0747 2.13 0721 2.19 0734 2.21 0751 2.06 0902 1.97 0838 1.93 1017 1.81
1410 0.32 1440 0.16 1416 0.15 1502 0.16 1508 0.33 1621 0.68 1542 0.50 1627 0.96
2040 2.15 2131 2.02 2102 2.02 2212 1.78 2219 1.82 2306 1.64 2238 1.87 2238 1.86
0221 0.95 0212 1.23 0225 1.47 0304 1.44 0408 1.27 0516 0.88
0802 2.17 0746 2.18 0804 2.17 0821 1.95 0927 1.81 1125 1.63
1444 0.29 1449 0.23 1546 0.37 1551 0.51 1621 0.70 1657 1.17
2112 2.01 2138 1.88 2302 1.61 2310 1.73 2310 1.80 2306 1.87
0240 1.08 0232 1.32 0353 1.47 0502 1.22
0821 2.18 0806 2.13 0902 1.81 1029 1.69
1514 0.33 1523 0.36 1640 0.71 1708 0.92
2149 1.85 2221 1.73 2349 1.73
01 17 01 17 01 17 01 17
TER QUI QUI SÁB DOM TER TER QUI
02 18 02 18 02 18 02 18
QUA SEX SEX DOM SEG QUA QUA SEX
03 19 03 19 03 19 03 19
QUI SÁB SÁB SEG TER QUI QUI SÁB
04 20 04 20 04 20 04 20
SEX DOM DOM TER QUA SEX SEX DOM
05 21 05 21 05 21 05 21
SÁB SEG SEG QUA QUI SÁB SÁB SEG
06 22 06 22 06 22 06 22
DOM TER TER QUI SEX DOM DOM TER
07 23 07 23 07 23 07 23
SEG QUA QUA SEX SÁB SEG SEG QUA
08 24 08 24 08 24 08 24
TER QUI QUI SÁB DOM TER TER QUI
09 25 09 25 09 25 09 25
QUA SEX SEX DOM SEG QUA QUA SEX
10 26 10 26 10 26 10 26
QUI SÁB SÁB SEG TER QUI QUI SÁB
11 27 11 27 11 27 11 27
SEX DOM DOM TER QUA SEX SEX DOM
12 28 12 28 12 28 12 28
SÁB SEG SEG QUA QUI SÁB SÁB SEG
13 29 13 29 13 29 13 29
DOM TER TER QUI SEX DOM DOM TER
14 30 14 30 14 30 14 30
SEG QUA QUA SEX SÁB SEG SEG QUA
15 15 31 15 15 31
TER QUI SÁB DOM TER QUI
16 16 16 16
QUA SEX SEG QUA
180
FUNDEADOURO DA ESTAÇÃO ANTÁRTICA COMANDANTE FERRAZ - 2026
Setembro Outubro Novembro Dezembro
DG6-63 Original
==================================================
