                                                                                  
                                                                                  
                                                                                  
    40                                                                            
                           SÃO LUÍS (ESTADO DO MARANHÃO) - 2026                   
           Latitude 02° 31'.6 S   Longitude 44° 18'.7 W     Fuso UTC -03.0 horas  
           DHN              24 Componentes Nível Médio 3.27 m  Carta 412          
           Janeiro          Fevereiro         Março             Abril             
       HORA ALT(m) HORA ALT(m) HORA ALT(m) HORA ALT(m) HORA ALT(m) HORA ALT(m) HORA ALT(m) HORA ALT(m)
    01 0457 5.40 17 0002 1.07 01 0017 0.39 17 0055 0.68 01 0538 5.43 17 0557 5.43 01 0023 0.48 17 0036 0.44
    QUI 1104 0.96 SÁB 0616 5.10 DOM0640 5.68 TER 0702 5.52 DOM1138 0.93 TER 1202 0.89 QUA 0636 5.83 SEX 0634 6.04
       1712 5.71 1208 1.42 1240 0.71 1304 0.78 1759 5.76 1816 5.71 1244 0.49 1259 0.16
       2342 0.48 1821 5.40 1855 5.97 1916 5.81              1859 5.97 1902 6.03   
    02 0555 5.59 18 0040 0.92 02 0104 0.23 18 0127 0.49 02 0004 0.45 18 0023 0.63 02 0102 0.46 18 0114 0.31
    SEX 1201 0.78 DOM0653 5.23 SEG 0723 5.82 QUA 0734 5.71 SEG 0623 5.70 QUA 0631 5.71 QUI 0708 5.88 SÁB 0712 6.17
       1808 5.88 1251 1.23 1319 0.55 1344 0.54 1221 0.66 1242 0.56 1316 0.43 1340 0.05
                1859 5.53 1940 6.07 1949 5.93 1844 5.98 1851 5.92 1932 5.93 1942 6.04
    03 0031 0.29 19 0112 0.77 03 0151 0.18 19 0204 0.33 03 0051 0.31 19 0102 0.39 03 0138 0.56 19 0159 0.30
    SÁB 0647 5.73 SEG 0727 5.34 TER 0802 5.88 QUI 0804 5.86 TER 0702 5.87 QUI 0704 5.93 SEX 0738 5.86 DOM0751 6.17
       1251 0.66 1323 1.04 1404 0.48 1417 0.35 1304 0.47 1316 0.28 1355 0.45 1419 0.06
       1859 5.99 1932 5.64 2019 6.05 2023 5.98 1921 6.07 1927 6.05 2001 5.82 2025 5.93
    04 0116 0.18 20 0153 0.64 04 0227 0.25 20 0246 0.28 04 0125 0.27 20 0142 0.26 04 0206 0.67 20 0244 0.42
    DOM0734 5.79 TER 0757 5.45 QUA 0840 5.85 SEX 0838 5.95 QUA 0740 5.93 SEX 0738 6.09 SÁB 0804 5.79 SEG 0834 6.05
       1338 0.60 1402 0.83 1446 0.51 1501 0.26 1346 0.41 1401 0.10 1423 0.54 1506 0.18
       1947 6.02 2006 5.71 2057 5.95 2101 5.94 1957 6.06 2002 6.08 2031 5.65 2110 5.71
    05 0204 0.16 21 0225 0.54 05 0306 0.38 21 0319 0.33 05 0204 0.32 21 0217 0.22 05 0240 0.84 21 0327 0.64
    SEG 0819 5.79 QUA 0829 5.55 QUI 0914 5.75 SÁB 0914 5.94 QUI 0810 5.91 SÁB 0812 6.14 DOM0832 5.69 TER 0921 5.81
       1417 0.60 1442 0.69 1519 0.61 1546 0.31 1417 0.42 1442 0.08 1459 0.65 1559 0.44
       2032 5.96 2042 5.75 2132 5.77 2142 5.78 2031 5.96 2040 6.00 2102 5.44 2202 5.42
    06 0251 0.26 22 0304 0.47 06 0346 0.60 22 0404 0.49 06 0240 0.47 22 0301 0.29 06 0308 1.00 22 0416 0.93
    TER 0902 5.71 QUI 0902 5.62 SEX 0947 5.61 DOM0957 5.81 SEX 0840 5.83 DOM0851 6.07 SEG 0904 5.54 QUA 1017 5.49
       1504 0.67 1517 0.60 1601 0.75 1627 0.50 1455 0.50 1521 0.19 1531 0.83 1655 0.77
       2117 5.82 2119 5.72 2210 5.53 2229 5.52 2101 5.78 2123 5.80 2136 5.20 2304 5.11
    07 0331 0.44 23 0347 0.51 07 0417 0.86 23 0453 0.77 07 0308 0.65 23 0346 0.52 07 0346 1.20 23 0512 1.26
    QUA 0944 5.58 SEX 0940 5.64 SÁB 1023 5.42 SEG 1046 5.58 SÁB 0908 5.71 SEG 0934 5.86 TER 0940 5.34 QUI 1125 5.17
       1551 0.81 1602 0.59 1638 0.97 1719 0.79 1525 0.65 1608 0.43 1606 1.04 1757 1.08
       2201 5.63 2204 5.62 2251 5.25 2325 5.19 2134 5.55 2212 5.49 2217 4.94      
    08 0414 0.67 24 0429 0.63 08 0459 1.16 24 0547 1.14 08 0344 0.89 24 0432 0.85 08 0421 1.43 24 0016 4.89
    QUI 1027 5.41 SÁB 1023 5.59 DOM1104 5.21 TER 1146 5.28 DOM0940 5.53 TER 1025 5.55 QUA 1023 5.09 SEX 0621 1.53
       1632 0.99 1653 0.70 1717 1.22 1821 1.13 1601 0.84 1702 0.78 1657 1.30 1246 4.97
       2247 5.40 2253 5.43 2338 4.95      2210 5.27 2310 5.12 2308 4.67 1910 1.28 
    09 0501 0.94 25 0514 0.84 09 0540 1.49 25 0036 4.88 09 0414 1.14 25 0525 1.24 09 0508 1.67 25 0134 4.83
    SEX 1110 5.24 DOM1114 5.46 SEG 1151 4.98 QUA 0653 1.50 SEG 1016 5.31 QUA 1129 5.20 QUI 1117 4.83 SÁB 0746 1.60
       1716 1.19 1746 0.89 1808 1.49 1259 5.02 1640 1.10 1806 1.14 1751 1.57 1406 4.97
       2338 5.15 2351 5.20        1944 1.35 2251 4.95                2029 1.26    
    10 0546 1.24 26 0610 1.11 10 0036 4.66 26 0201 4.72 10 0457 1.44 26 0025 4.82 10 0012 4.47 26 0249 4.96
    SÁB 1159 5.06 SEG 1214 5.30 TER 0627 1.80 QUI 0814 1.68 TER 1101 5.05 QUI 0636 1.58 SEX 0606 1.89 DOM0901 1.43
       1810 1.40 1849 1.11 1249 4.77 1429 4.95 1723 1.39 1251 4.93 1231 4.64 1519 5.14
                         1914 1.73 2108 1.30 2346 4.64 1927 1.37 1859 1.75 2136 1.10
    11 0032 4.92 27 0059 4.98 11 0144 4.47 27 0327 4.82 11 0544 1.76 27 0151 4.71 11 0127 4.42 27 0351 5.18
    DOM0638 1.52 TER 0716 1.37 QUA 0736 2.05 SEX 0938 1.56 QUA 1157 4.78 SEX 0802 1.71 SÁB 0717 2.00 SEG 1002 1.16
       1253 4.92 1323 5.16 1359 4.66 1555 5.13 1819 1.69 1421 4.90 1355 4.63 1619 5.37
       1912 1.57 2002 1.24 2044 1.81 2217 1.04     2055 1.31 2019 1.75 2229 0.92  
    12 0132 4.75 28 0216 4.88 12 0259 4.44 28 0442 5.10 12 0053 4.40 28 0314 4.85 12 0242 4.57 28 0444 5.40
    SEG 0740 1.74 QUA 0836 1.50 QUI 0904 2.10 SÁB 1046 1.26 QUI 0644 2.04 SÁB 0921 1.54 DOM0844 1.87 TER 1055 0.90
       1351 4.84 1442 5.13 1514 4.70 1702 5.44 1310 4.59 1546 5.12 1508 4.82 1708 5.57
       2027 1.63 2123 1.18 2159 1.67 2316 0.72 1940 1.88 2202 1.06 2131 1.54 2314 0.80
    13 0238 4.68 29 0338 4.96 13 0408 4.58 13 0212 4.34 29 0421 5.14 13 0344 4.85 29 0527 5.58
    TER 0851 1.85 QUI 0953 1.41 SEX 1012 1.95 SEX 0806 2.16 DOM1025 1.22 SEG 0953 1.54 QUA 1140 0.72
       1453 4.84 1559 5.27 1623 4.89      1436 4.59 1649 5.43 1610 5.12 1753 5.69 
       2138 1.57 2232 0.94 2255 1.43      2116 1.80 2259 0.78 2225 1.24 2359 0.75 
    14 0344 4.70 30 0449 5.18 14 0506 4.81 14 0329 4.49 30 0514 5.44 14 0432 5.19 30 0604 5.68
    QUA 0955 1.83 SEX 1057 1.19 SÁB 1104 1.69 SÁB 0934 2.00 SEG 1116 0.89 TER 1047 1.14 QUI 1216 0.61
       1555 4.93 1708 5.52 1719 5.14      1551 4.80 1740 5.71 1701 5.43 1831 5.72 
       2234 1.42 2329 0.65 2340 1.18      2217 1.53 2346 0.58 2310 0.92           
    15 0442 4.81 31 0549 5.44 15 0553 5.06 15 0431 4.78 31 0601 5.68 15 0516 5.53 
    QUI 1049 1.73 SÁB 1153 0.93 DOM1151 1.39 DOM1034 1.66 TER 1202 0.63 QUA 1131 0.76
       1651 5.07 1806 5.77 1804 5.40      1651 5.12 1821 5.89 1744 5.71           
       2319 1.25                          2304 1.21         2355 0.64             
    16 0532 4.95      16 0014 0.92      16 0517 5.11     16 0557 5.82             
    SEX 1131 1.59     SEG 0631 5.30     SEG 1117 1.28    QUI 1212 0.41            
       1740 5.24         1225 1.09        1738 5.43         1823 5.92             
                         1842 5.63        2349 0.91                               
    DG6-63                                                            Original    